2
1000
94 10 35 45 44 47 32 49 4 81 59 97 79 64 42 35 48 81 9 41 1 14 76 36 67 9 89 73 43 79 2 89 89 37 34 86 85 66 35 41 0 94 39 79 58 33 14 6 14 76 0 15 90 76 52 57 37 41 82 32 73 36 21 14 74 56 0 11 74 35 4 74 81 43 5 40 29 72 98 43 48 98 11 90 26 15 99 63 8 82 95 81 18 17 48 44 25 0 7 99 88 12 26 69 7 31 9 36 3 8 32 51 58 43 41 37 58 93 0 66 75 48 0 45 17 48 42 42 0 49 93 88 13 19 58 21 51 67 9 6 27 41 10 38 84 3 75 94 96 27 61 23 75 13 69 92 13 63 86 13 64 80 2 78 51 60 51 54 79 60 61 7 54 71 97 38 26 72 85 23 99 98 46 75 11 67 19 24 82 6 37 47 38 91 25 89 51 28 44 31 88 57 90 42 80 87 33 6 59 18 81 10 16 80 85 79 99 57 3 82 15 92 29 5 84 6 94 35 34 90 18 22 47 8 17 79 95 2 86 6 20 67 17 88 99 54 67 99 63 22 81 78 14 10 83 50 16 30 38 2 20 56 76 20 17 93 99 64 95 37 71 67 57 40 7 56 46 74 55 10 48 36 88 15 98 24 65 66 54 3 68 26 12 45 98 29 90 50 93 38 39 16 57 96 8 65 53 55 91 60 65 40 49 5 55 47 29 72 14 35 28 34 14 40 79 64 21 22 14 66 60 54 35 17 2 43 34 7 98 26 68 63 18 17 69 25 64 50 97 30 38 77 65 52 69 96 16 90 70 83 9 82 37 44 52 91 87 86 99 86 12 67 1 30 36 22 55 52 25 5 83 63 82 0 15 52 48 83 94 19 66 3 1 55 47 53 47 87 40 46 73 4 13 26 87 1 49 42 53 26 99 36 89 82 88 56 86 37 39 80 8 6 84 61 61 83 67 60 70 59 6 95 63 71 22 50 72 23 45 26 49 44 14 90 26 3 46 12 92 85 45 0 43 81 13 57 64 80 17 87 39 24 82 3 47 56 5 20 31 50 98 32 95 12 22 73 67 68 38 11 6 35 63 49 16 77 58 32 57 76 19 97 52 54 52 99 10 57 71 94 60 69 26 7 34 49 80 53 17 70 65 75 57 28 25 73 57 83 6 15 11 77 64 15 31 16 67 94 73 38 88 33 60 14 40 46 15 73 99 85 95 16 60 53 97 37 78 54 21 84 21 84 14 85 0 45 1 67 39 27 57 79 12 69 94 5 15 61 30 67 46 77 35 7 30 32 44 61 39 17 45 60 2 11 46 54 57 99 73 48 26 30 28 91 52 74 96 67 35 26 86 82 3 22 89 86 6 85 47 97 3 44 58 57 56 56 11 13 55 36 13 34 18 41 25 70 67 21 38 3 99 76 37 54 50 78 40 57 63 39 54 66 84 64 23 92 20 86 5 28 22 70 62 41 64 39 11 31 12 1 86 11 30 23 17 80 1 58 89 17 97 96 83 33 60 59 25 33 97 82 61 20 53 75 13 17 66 76 0 78 30 87 41 60 62 58 40 64 68 82 81 18 78 16 51 90 27 29 23 25 11 36 97 16 63 10 85 29 38 86 59 68 73 0 28 87 59 21 51 27 55 84 45 33 53 49 23 80 78 99 5 41 35 2 58 51 64 43 80 3 81 92 23 6 92 4 94 3 25 45 83 80 82 80 65 35 29 40 67 59 39 73 1 27 27 11 78 44 54 10 99 36 2 22 94 47 26 88 50 3 86 33 35 68 66 0 55 47 41 22 7 32 47 60 59 27 71 37 23 25 0 22 13 2 44 8 49 23 48 52 26 34 37 62 54 3 14 9 51 7 84 58 40 83 18 99 62 41 89 85 66 89 7 32 91 4 92 93 27 40 45 5 27 82 19 81 38 34 43 89 93 27 99 33 62 69 33 25 10 22 10 28 11 70 12 54 26 4 47 5 97 44 10 76 79 82 57 17 68 0 58 61 79 57 95 42 26 80 19 88 54 81 16 65 3 29 71 29 85 71 34 34 67 97 10 46 79 68 15 47 20 73 60 52 82 55 46 8 35 65 96 89 98 65 6 2 94 30 31 31 1 18 66 68 15 76 67 46 96 82 93 69 8 5 21 90 61 67 51 48 84 99 90 82 64 48 36 10 78 68 42 31 86 60 52 53 88 71 99 85 53 92 6 13 49 79 4 10 98 55 11 82 6 53 16 71 1 53 33 32
Add 376 5
Sub 588 7
Sub 77 18
Add 662 24
Sub 920 29
Sub 499 3
Sub 897 20
Query 431 628
Query 451 547
Sub 652 5
Query 725 912
Query 236 851
Sub 552 16
Add 215 29
Sub 822 18
Add 679 16
Query 605 798
Sub 680 24
Add 863 21
Query 451 585
Query 662 772
Sub 608 8
Sub 15 20
Add 961 4
Query 603 837
Add 507 26
Query 16 824
Add 13 24
Add 830 18
Sub 800 28
Add 954 21
Sub 723 10
Add 991 25
Query 537 768
Query 670 723
Query 14 229
Sub 67 21
Query 64 724
Query 63 245
Query 45 688
Sub 897 29
Query 73 767
Add 237 4
Query 508 951
Sub 793 11
Sub 618 27
Sub 309 3
Query 15 127
Add 415 0
Add 75 7
Query 93 476
Query 594 945
Query 238 831
Add 985 9
Sub 852 13
Sub 89 10
Sub 906 18
Query 478 773
Add 114 8
Sub 346 2
Sub 622 16
Sub 951 13
Add 353 10
Query 520 927
Query 638 779
Add 727 26
Query 125 505
Query 686 954
Sub 345 6
Add 544 11
Add 323 4
Sub 930 15
Add 130 29
Sub 512 28
Sub 935 5
Sub 839 23
Sub 545 27
Add 361 12
Add 949 8
Add 75 2
Sub 165 6
Query 658 663
Add 515 16
Query 308 650
Query 380 584
Sub 878 3
Sub 947 29
Query 30 139
Sub 285 9
Add 850 23
Query 826 920
Sub 538 14
Query 586 801
Query 24 460
Sub 373 29
Query 69 566
Add 384 14
Add 331 13
Sub 741 9
Query 310 639
Query 816 932
Add 931 13
Query 291 940
Sub 87 25
Add 883 28
Query 615 956
Sub 121 10
Add 648 10
Query 556 762
Add 794 12
Sub 436 23
Query 349 637
Sub 548 27
Query 14 547
Sub 5 15
Add 303 0
Add 21 22
Query 753 982
Query 537 991
Query 331 666
Add 683 17
Query 516 818
Sub 406 24
Sub 586 12
Query 267 432
Sub 667 20
Query 210 293
Add 794 25
Add 399 25
Sub 117 2
Query 87 257
Query 103 955
Query 360 584
Add 993 15
Add 414 18
Add 83 6
Query 614 956
Query 479 750
Add 325 19
Query 617 708
Query 225 772
Sub 954 16
Add 304 10
Sub 19 2
Sub 995 27
Sub 238 12
Sub 754 15
Sub 562 6
Query 767 871
Add 359 19
Add 3 13
Sub 733 18
Add 770 1
Sub 166 9
Sub 507 16
Add 928 25
Add 95 20
Sub 570 23
Sub 794 29
Query 758 870
Add 913 11
Sub 181 24
Sub 776 23
Sub 632 0
Query 391 989
Add 169 5
Add 401 11
Query 348 932
Query 77 842
Query 298 558
Add 555 0
Query 391 606
Add 14 27
Query 84 150
Query 538 892
Query 17 412
Sub 112 21
Query 159 928
Sub 729 21
Add 281 20
Add 943 5
Sub 365 10
Sub 982 15
Query 565 870
Query 277 407
Query 423 978
Add 945 16
Add 274 15
Sub 238 13
Query 526 927
Sub 265 18
Sub 813 2
Add 103 5
Sub 263 21
Query 572 711
Add 772 17
Sub 735 23
Add 509 29
Add 442 26
Query 78 773
Add 974 18
Add 686 0
Add 521 15
Add 790 29
Query 280 842
Sub 528 14
Add 551 19
Add 811 27
Query 649 885
Query 78 203
Add 399 1
Sub 63 28
Query 911 961
Add 925 10
Add 724 11
Sub 881 1
Sub 77 23
Query 256 974
Add 45 9
Query 32 765
Add 791 2
Query 291 578
Sub 344 17
Add 51 23
Query 28 487
Add 198 16
Sub 333 2
Sub 518 28
Query 95 559
Sub 953 25
Sub 424 27
Sub 298 20
Query 254 260
Query 304 534
Sub 559 13
Sub 317 2
Query 688 917
Add 574 14
Sub 785 14
Query 206 297
Sub 743 1
Sub 443 8
Add 719 7
Sub 835 11
Add 715 21
Query 81 388
Query 165 427
Query 692 1000
Query 269 784
Sub 292 21
Query 84 440
Add 208 25
Add 533 26
Query 783 816
Query 50 497
Query 671 929
Add 524 25
Sub 646 8
Query 202 758
Add 103 20
Add 652 0
Sub 624 27
Sub 965 1
Add 934 16
Add 767 17
Query 672 818
Query 315 694
Add 385 8
Sub 805 10
Add 9 22
Query 646 906
Add 887 28
Add 393 25
Add 847 0
Sub 83 16
Sub 168 19
Sub 534 14
Query 344 711
Query 515 643
Sub 699 5
Add 508 12
Sub 508 18
Add 204 2
Sub 535 28
Sub 260 23
Sub 485 10
Add 880 13
Add 967 27
Query 82 745
Query 63 133
Query 375 992
Query 499 684
Add 614 3
Add 128 27
Query 513 848
Query 534 684
Sub 918 12
Sub 277 9
Query 274 345
Query 632 689
Add 794 22
Query 89 99
Add 754 21
Add 533 18
Query 351 921
Sub 352 5
Query 154 346
Add 435 21
Add 963 5
Add 572 9
Sub 666 22
Sub 398 12
Add 629 27
Sub 266 10
Query 490 901
Sub 913 14
Add 19 9
Add 688 15
Add 238 29
Sub 414 12
Sub 925 17
Add 203 25
Query 16 579
Query 281 666
Sub 944 21
Sub 924 13
Add 491 24
Sub 564 13
Sub 65 21
Sub 396 24
Sub 836 20
Sub 179 25
Add 216 23
Add 52 21
Query 221 817
Query 290 740
Query 315 582
Add 641 14
Sub 702 1
Query 309 812
Add 894 24
Add 966 2
Query 73 890
Sub 196 12
Query 513 951
Query 154 179
Add 793 29
Add 811 19
Add 273 20
Query 119 324
Sub 60 27
Sub 723 24
Sub 311 27
Add 754 12
Add 719 24
Add 499 24
Query 371 428
Query 176 590
Sub 125 23
Query 333 340
Sub 511 21
Query 114 178
Add 519 15
Add 749 28
Sub 623 18
Query 10 98
Query 255 820
Add 967 6
Query 471 842
Sub 878 21
Add 238 1
Add 166 20
Sub 629 28
Query 467 699
Query 275 442
Query 803 955
Sub 622 16
Query 375 715
Query 102 217
Add 351 3
Add 635 0
Add 311 28
Query 451 477
Sub 367 7
Query 163 802
Sub 909 6
Add 753 29
Sub 767 3
Sub 128 27
Sub 663 27
Sub 7 23
Add 375 23
Sub 296 14
Sub 583 10
Add 40 24
Add 939 22
Sub 640 4
Add 397 23
Sub 881 2
Sub 581 14
Query 153 727
Query 203 528
Sub 527 24
Add 679 26
Query 148 359
Query 86 840
Sub 781 24
Query 99 122
Query 212 354
Sub 575 14
Add 184 12
Sub 27 24
Add 766 10
Add 146 28
Add 239 26
Query 205 968
Query 748 954
Query 590 846
Sub 878 19
Add 299 23
Add 865 18
Add 584 15
Sub 182 20
Query 602 808
Sub 482 17
Sub 510 22
Add 623 7
Query 460 849
Sub 123 18
Query 139 729
Query 441 945
Add 755 28
Sub 283 9
Sub 551 13
Add 941 4
Add 108 15
Query 243 628
Sub 125 19
Query 556 562
Query 45 52
Query 220 492
Sub 562 25
Query 528 801
Sub 54 19
Query 370 763
Add 221 27
Query 72 633
Query 196 952
Add 824 10
Sub 422 16
Query 367 452
Query 75 280
Add 577 12
Query 486 789
Add 664 17
Sub 36 19
Sub 413 11
Sub 769 15
Add 565 8
Query 273 353
Query 681 804
Sub 283 27
Query 779 807
Query 153 595
Query 309 611
Query 646 834
Query 188 410
Sub 613 7
Sub 585 1
Sub 659 26
Add 880 16
Add 819 10
Query 390 459
Sub 392 23
Query 272 880
Sub 968 6
Add 875 13
Add 233 7
Add 347 1
Query 391 850
Sub 435 11
Add 634 21
Query 641 711
Sub 946 4
Add 776 23
Sub 215 10
Sub 652 14
Add 849 17
Sub 224 25
Add 693 25
Query 212 879
Query 112 845
Query 25 908
Query 205 748
Add 787 19
Add 448 6
Query 550 566
Sub 326 7
Sub 46 23
Query 18 956
Sub 68 15
Add 261 26
Sub 58 22
Sub 847 2
Add 668 18
Add 104 7
Add 123 22
Add 247 8
Query 356 707
Sub 555 0
Add 827 20
Query 311 343
Sub 991 21
Sub 930 27
Add 721 16
Sub 196 12
Query 195 217
Sub 787 0
Sub 107 9
Query 54 751
Query 413 880
Query 542 970
Query 884 885
Query 183 813
Sub 315 5
Query 81 715
Query 298 535
Sub 987 15
Sub 749 23
Sub 866 24
Add 645 26
Sub 155 15
Query 262 359
Add 314 24
Sub 867 8
Add 37 25
Sub 630 21
Add 418 27
Add 647 27
Add 726 22
Sub 859 18
Sub 223 22
Query 128 523
Add 917 26
Add 519 22
Sub 357 10
Add 276 10
Sub 196 7
Query 136 200
Query 449 862
Sub 342 1
Sub 643 3
Sub 321 20
Sub 612 17
Sub 348 7
Add 194 3
Sub 865 11
Query 387 599
Query 382 938
Add 314 7
Add 908 0
Query 160 425
Query 97 929
Add 869 8
Add 996 15
Sub 178 18
Query 451 465
Query 415 443
Sub 573 7
Query 461 839
Sub 317 9
Sub 867 0
Query 61 160
Sub 676 9
Add 332 26
Sub 843 14
Sub 622 26
Add 943 28
Add 651 21
Query 1 912
Add 736 27
Sub 901 25
Query 507 843
Sub 530 3
Sub 276 5
Add 78 29
Add 479 12
Add 697 25
Query 976 978
Add 107 17
Add 345 24
Sub 7 5
Add 547 19
Add 246 20
Add 676 16
Query 746 832
Add 893 5
Add 11 21
Query 600 630
Add 322 5
Add 925 11
Sub 756 7
Sub 384 23
Query 518 551
Query 185 578
Sub 70 19
Sub 366 23
Sub 342 15
Query 646 998
Add 631 26
Add 241 11
Add 268 28
Add 260 21
Add 764 8
Add 956 14
Sub 168 23
Add 125 10
Query 361 563
Add 869 21
Sub 976 21
Sub 492 21
Sub 410 9
Query 87 661
Add 421 23
Query 731 954
Add 417 17
Add 288 3
Query 735 813
Add 705 2
Add 890 0
Add 745 21
Sub 492 2
Query 588 621
Sub 66 1
Add 793 16
Sub 955 4
Sub 973 14
Query 211 919
Add 715 2
Add 778 21
Add 734 7
Query 99 471
Query 39 610
Query 104 761
Add 983 25
Query 203 288
Sub 491 4
Add 419 26
Add 81 0
Query 49 580
Add 596 22
Sub 268 22
Add 474 23
Sub 301 13
Add 521 8
Query 88 478
Query 121 968
Sub 908 17
Sub 613 9
Sub 940 8
Add 130 5
Query 279 785
Query 258 527
Sub 165 18
Sub 258 8
Sub 247 25
Query 638 789
Query 506 545
Sub 310 8
Query 448 917
Query 102 929
Sub 600 27
Add 232 25
Query 603 959
Query 190 860
Add 963 5
Sub 862 24
Add 80 21
Query 61 387
Query 329 864
Add 559 0
Sub 771 19
Sub 767 2
Add 21 10
Query 113 184
Add 426 14
Query 186 288
Add 583 28
Sub 876 5
Query 321 678
Sub 280 1
Sub 810 3
Add 899 0
Query 73 493
Query 28 202
Add 190 3
Query 635 991
Add 327 24
Sub 769 21
Sub 624 9
Query 109 808
Sub 773 19
Sub 768 17
Query 592 726
Add 607 12
Sub 600 3
Query 20 321
Query 647 727
Add 504 26
Add 387 20
Add 942 19
Query 322 728
Sub 219 0
Add 831 18
Query 125 286
Add 769 24
Sub 409 15
Query 39 822
Query 325 593
Sub 299 22
Sub 185 5
Query 435 532
Query 147 654
Add 930 15
Add 656 0
Add 174 21
Add 378 19
Sub 902 18
Add 72 2
Sub 361 10
Sub 39 27
Sub 619 28
Add 872 16
Add 565 17
Add 129 2
Add 817 28
Add 581 15
Add 440 19
Sub 472 12
Add 180 22
Add 951 23
Add 430 11
Query 605 695
Sub 613 10
Sub 366 18
Sub 239 14
Query 45 706
Sub 174 25
Query 307 330
Query 118 487
Query 541 789
Sub 79 19
Sub 319 3
Sub 56 5
Query 241 922
Sub 220 11
Add 829 28
Sub 773 21
Query 658 743
Sub 555 11
Sub 825 22
Add 210 12
Query 328 502
Query 698 909
Add 941 21
Query 184 401
Sub 539 28
Add 643 22
Sub 583 1
Query 829 917
Query 93 913
Sub 137 14
Sub 579 1
Sub 637 21
Query 324 570
Query 95 507
Add 804 6
Query 40 752
Query 622 762
Add 865 11
Sub 828 5
Add 247 3
Query 485 497
Add 599 10
Sub 962 11
Add 505 17
Query 643 801
Add 678 24
Add 907 5
Sub 497 11
Sub 356 11
Sub 307 17
Sub 264 13
Query 202 245
Sub 172 15
Add 464 21
Sub 263 14
Add 810 21
Add 396 27
Add 603 25
Add 315 10
Query 92 659
Sub 774 3
Sub 589 5
Sub 875 18
Query 555 814
Query 428 722
Query 237 531
Query 87 632
Add 797 15
Query 231 900
Sub 216 12
Query 117 999
Query 75 705
Query 747 931
Query 485 624
Sub 914 27
Add 419 28
Query 166 527
Sub 63 4
Query 605 906
Query 147 473
Add 700 0
Add 879 26
Add 532 2
Add 536 25
Sub 1 11
Sub 245 19
Add 726 16
Sub 191 8
Add 241 12
Add 190 1
Sub 482 12
Query 242 561
Query 93 706
Query 453 628
Sub 684 19
Add 824 15
Query 53 654
Sub 159 23
Sub 588 23
Add 626 14
Sub 137 26
Sub 470 9
Query 406 699
Sub 923 19
Sub 413 22
Add 785 7
Sub 107 19
Add 247 28
Add 267 7
Add 420 15
Add 556 11
Add 375 2
Add 754 0
Query 577 774
Add 379 27
Query 322 512
Sub 220 9
Add 582 7
Query 490 645
Query 416 482
Query 450 972
Query 346 524
Sub 649 20
Query 180 379
Sub 271 16
Query 607 620
Sub 658 8
Query 420 532
Query 685 910
Add 407 22
Sub 676 1
Query 67 276
Sub 28 24
Add 982 5
Query 62 517
Sub 678 2
Sub 968 1
Sub 390 12
Sub 189 18
Add 984 26
Sub 194 21
Add 376 6
Query 606 786
Add 287 27
Query 181 345
Query 210 512
Sub 297 19
Add 273 18
Sub 669 8
Query 442 677
Query 428 635
Query 362 369
Add 377 17
Query 254 451
Add 418 9
Query 461 606
Sub 563 9
Add 356 13
Sub 459 21
Add 964 20
Query 574 858
Query 226 316
Query 816 954
Sub 749 13
Add 154 3
Sub 738 28
Query 693 884
Add 559 17
Sub 856 17
Add 259 11
Query 395 807
Sub 990 11
Sub 886 16
Query 101 978
Sub 921 2
Sub 690 11
Add 272 25
Add 315 15
Query 222 740
Add 270 11
Query 639 878
Add 695 19
Sub 89 16
Add 85 18
Sub 189 0
Add 113 9
Add 520 23
Query 568 619
Add 117 28
Sub 473 17
Query 2 157
Query 203 278
Sub 615 11
Query 180 728
Add 75 15
Add 99 0
Sub 47 9
Add 802 19
Query 923 986
Sub 616 8
Query 141 812
Query 89 304
Sub 150 2
Add 212 4
Sub 942 28
Query 612 759
Add 616 17
Sub 520 18
Query 696 881
Sub 531 16
Sub 645 8
Query 267 645
Sub 444 13
Query 6 912
Add 108 16
Sub 571 10
Sub 414 5
Add 508 16
Sub 823 12
Sub 123 4
Add 586 10
Add 508 28
Add 870 12
Sub 287 23
Query 51 586
Sub 545 2
Add 263 15
Query 137 245
Add 322 26
Sub 388 1
Add 301 16
Sub 555 25
Add 101 14
Sub 793 1
Add 489 18
Query 484 976
Sub 389 7
Add 171 25
Add 350 27
Sub 620 16
Query 217 439
Sub 135 13
Query 446 642
Query 181 590
Sub 16 18
Add 901 3
Query 110 303
Sub 705 2
Add 897 21
Add 155 13
Query 306 362
Query 848 935
Sub 549 9
Sub 17 11
Sub 331 26
Query 289 723
Query 399 442
Add 398 24
END
1000
7 30 2 80 63 56 25 81 13 38 90 47 86 92 47 27 92 64 48 29 94 85 48 68 73 28 9 23 63 58 78 22 88 80 54 51 89 32 85 54 70 75 54 8 68 1 35 60 17 84 41 63 21 41 31 46 69 92 70 84 50 0 58 91 32 65 94 73 97 79 28 19 7 34 28 27 87 15 39 5 51 80 68 72 21 52 71 42 96 41 79 47 41 89 38 25 54 32 99 3 64 79 23 71 13 3 98 52 70 37 57 22 69 78 46 42 82 17 84 78 10 15 77 3 5 67 29 59 0 28 63 64 59 38 87 72 93 85 76 15 74 34 37 43 64 36 85 46 5 21 76 16 37 54 71 42 21 0 53 73 80 68 89 39 6 76 63 51 13 40 67 39 26 56 82 90 44 19 88 50 41 64 18 78 70 89 72 44 42 25 17 22 94 59 14 52 87 77 56 1 17 75 92 95 31 75 85 28 94 73 78 87 90 48 17 12 89 89 56 83 67 26 6 13 37 20 65 24 49 73 77 19 48 70 14 80 45 52 60 91 77 38 31 67 38 48 32 79 90 40 63 9 66 21 22 3 41 39 80 42 13 57 61 61 27 28 93 24 80 53 68 57 43 99 77 33 99 61 13 41 1 28 2 68 49 24 23 42 16 55 84 81 13 98 94 92 26 88 69 58 93 37 67 89 88 44 74 39 5 87 33 7 15 35 27 16 12 2 58 28 10 43 9 23 41 3 15 19 43 84 29 89 73 96 30 13 93 4 53 50 44 86 9 11 73 36 28 85 91 86 65 1 29 26 76 22 82 43 93 77 80 22 66 53 19 96 67 64 53 72 14 97 10 24 8 83 12 88 69 3 75 34 56 56 13 84 79 95 28 24 72 60 47 91 65 18 87 84 82 92 56 96 89 66 20 50 50 33 38 71 88 13 57 97 22 70 81 1 17 61 77 90 73 24 81 39 94 20 23 76 13 32 25 54 50 97 56 0 30 95 23 71 60 33 20 82 3 53 35 21 15 13 63 88 89 96 79 84 16 3 12 81 87 37 36 37 35 92 90 17 39 13 40 52 46 60 34 2 14 22 75 81 35 90 21 24 86 53 60 2 8 73 84 95 62 72 32 49 16 22 19 56 88 59 8 86 72 94 40 38 16 67 19 3 57 92 80 43 45 40 46 53 13 82 0 28 6 33 77 22 7 96 30 47 56 90 86 80 37 26 18 5 94 89 9 51 81 89 95 79 29 93 84 95 27 85 23 33 18 52 7 77 49 90 25 57 32 11 37 69 89 7 75 83 96 36 87 29 25 82 8 6 27 93 53 54 30 28 39 48 81 46 77 82 88 54 39 21 17 28 90 7 35 17 42 31 53 29 12 30 63 21 89 90 66 94 96 96 23 35 96 56 34 25 38 22 80 77 43 49 57 86 56 92 55 51 75 61 80 87 91 44 60 32 86 78 27 83 74 50 70 22 6 4 48 96 27 80 73 22 29 30 60 38 74 16 89 49 77 21 88 20 65 49 5 4 79 32 39 6 34 9 28 92 14 28 88 93 60 61 15 90 43 28 80 69 44 69 70 73 90 58 45 8 59 50 64 39 34 3 45 68 12 25 60 26 6 48 71 66 61 87 8 56 15 88 25 11 9 95 36 52 6 81 12 17 84 76 56 18 31 53 87 43 31 47 22 37 48 93 55 61 32 64 70 99 4 95 10 66 43 98 70 1 80 82 18 64 10 27 34 41 32 21 36 63 21 58 52 21 4 8 82 36 24 52 36 80 0 98 98 95 49 68 96 29 2 66 45 64 93 79 5 26 53 42 41 74 52 94 95 56 54 29 45 78 82 33 10 34 83 9 29 32 29 77 61 32 43 58 96 89 90 54 67 43 48 8 69 0 2 64 9 8 45 54 38 79 87 49 13 70 10 94 3 39 23 16 23 67 27 20 8 69 74 75 12 74 83 81 74 38 97 83 46 42 89 37 74 28 86 87 51 96 34 6 87 57 22 11 76 1 83 84 70 57 11 34 83 95 15 57 85 64 93 83 59 34 20 33 63 58 72 14 6 6 20 94 16 94 57 44 48 40 81 18 49 92 53 32 39 20 89 76 37 34 60 96 69 32 81 84 91 53 98 97 12 70 43 80 64 0 24 12 40 5 83 89 50 88 21 89 60 63 66 97 97 78 45 18 10 78 2 1 32 52 51 96 22 94 76 39 95 52 3 35 10 86 77 60 26 98 1 87 61 19 36 11 97 34
Query 9 113
Add 762 24
Query 865 893
Sub 60 10
Add 907 13
Add 994 23
Sub 971 5
Sub 70 16
Sub 383 6
Add 394 25
Query 276 326
Add 608 9
Query 304 344
Query 363 803
Query 401 621
Add 55 24
Add 495 24
Add 361 5
Query 389 967
Add 909 23
Query 409 485
Sub 525 17
Sub 610 1
Add 940 25
Add 190 8
Query 265 673
Add 675 6
Add 780 16
Add 785 2
Query 7 753
Query 194 237
Add 58 13
Query 10 723
Sub 617 3
Sub 938 12
Add 880 8
Sub 436 22
Query 624 929
Sub 427 28
Sub 313 4
Add 36 19
Add 816 26
Sub 316 27
Query 346 526
Add 306 15
Sub 704 14
Sub 774 12
Add 362 10
Query 657 829
Sub 140 20
Query 203 356
Sub 207 3
Add 972 8
Sub 812 15
Sub 665 21
Sub 720 24
Query 851 946
Query 212 665
Add 359 21
Sub 461 10
Sub 329 25
Sub 508 21
Sub 351 5
Sub 924 6
Query 91 843
Add 748 21
Sub 168 27
Sub 890 13
Query 194 834
Add 506 25
Add 138 23
Query 478 833
Add 340 12
Query 41 459
Query 653 809
Query 400 950
Add 815 19
Add 531 8
Query 355 810
Sub 480 19
Query 350 385
Query 375 827
Query 9 166
Add 257 27
Sub 284 15
Sub 400 4
Add 678 19
Sub 415 21
Sub 275 10
Query 320 652
Sub 658 6
Sub 673 2
Query 168 771
Query 28 550
Add 37 12
Sub 529 1
Add 772 9
Query 154 934
Add 904 20
Sub 933 29
Query 110 821
Add 58 11
Add 121 11
Sub 701 12
Query 591 839
Query 47 471
Sub 217 21
Query 175 220
Query 234 431
Sub 420 24
Query 535 609
Add 835 11
Add 823 1
Query 764 933
Add 423 24
Add 222 10
Sub 435 18
Add 739 7
Query 197 373
Query 144 786
Query 752 827
Sub 977 27
Add 261 11
Query 45 197
Sub 336 8
Sub 65 21
Add 616 6
Add 409 6
Query 113 729
Add 830 20
Sub 646 6
Add 347 23
Sub 288 13
Add 643 1
Sub 762 8
Add 187 2
Query 581 612
Query 605 989
Query 69 89
Add 945 28
Query 896 944
Query 47 242
Query 439 881
Sub 942 13
Add 842 16
Query 207 824
Add 316 4
Add 603 1
Add 807 29
Add 475 4
Query 393 720
Add 35 17
Add 435 25
Sub 147 9
Add 721 0
Sub 196 6
Sub 283 4
Sub 302 28
Query 661 677
Query 89 503
Sub 415 14
Add 340 1
Query 507 716
Query 554 862
Query 476 935
Query 130 386
Add 768 3
Query 288 417
Query 199 429
Query 518 589
Sub 756 3
Add 642 13
Sub 997 9
Sub 260 4
Add 20 11
Add 822 16
Add 521 15
Sub 487 12
Add 972 0
Query 486 792
Add 854 26
Sub 764 19
Query 308 536
Add 566 25
Query 167 686
Sub 444 18
Query 331 861
Sub 333 28
Sub 103 12
Add 302 27
Sub 17 20
Sub 16 5
Query 783 990
Query 349 445
Sub 934 15
Query 636 830
Add 585 1
Query 845 899
Sub 217 8
Sub 738 9
Query 617 698
Sub 908 23
Query 305 326
Add 942 9
Add 373 25
Query 323 691
Query 275 613
Add 115 22
Query 316 742
Query 479 538
Query 529 620
Query 413 436
Query 682 741
Query 86 682
Add 189 25
Sub 678 8
Sub 348 12
Add 882 7
Add 259 12
Query 12 287
Sub 915 2
Add 510 5
Add 737 28
Add 641 5
Add 667 4
Sub 395 1
Sub 166 11
Query 564 665
Add 134 14
Sub 445 21
Add 586 17
Add 256 6
Add 361 13
Query 66 206
Query 436 732
Add 71 18
Query 435 996
Query 559 843
Add 706 11
Add 395 27
Sub 95 3
Add 130 20
Add 912 10
Query 123 598
Add 199 22
Query 455 681
Add 246 8
Sub 243 0
Query 255 788
Add 542 3
Add 390 20
Sub 417 1
Add 429 13
Query 217 496
Add 71 13
Query 361 726
Sub 128 0
Sub 891 2
Add 565 27
Add 930 20
Query 134 751
Sub 764 18
Query 73 299
Add 423 25
Add 721 27
Query 52 298
Add 189 27
Query 566 668
Sub 26 23
Query 274 865
Query 407 999
Query 114 872
Query 186 446
Query 608 746
Sub 540 10
Query 380 732
Query 272 944
Add 479 18
Sub 227 4
Sub 145 9
Query 424 598
Sub 453 18
Query 266 353
Sub 551 20
Add 616 2
Sub 618 1
Sub 270 4
Query 699 704
Add 148 21
Query 180 426
Query 202 428
Add 675 13
Add 386 27
Add 931 29
Add 436 14
Query 493 972
Add 240 23
Query 130 813
Sub 561 1
Sub 206 22
Sub 690 9
Query 123 296
Sub 24 1
Query 191 964
Sub 368 20
Query 723 799
Query 314 511
Sub 447 14
Sub 439 25
Query 63 561
Add 113 2
Query 364 725
Query 749 973
Sub 587 18
Add 812 27
Add 264 27
Query 208 318
Sub 266 15
Sub 487 5
Query 372 969
Sub 98 2
Add 94 28
Add 90 10
Query 59 766
Add 758 29
Add 501 13
Add 317 2
Sub 447 7
Query 371 797
Query 2 520
Add 193 16
Query 63 987
Sub 857 21
Query 269 475
Add 383 6
Sub 300 26
Query 24 843
Query 417 641
Sub 925 12
Query 339 364
Sub 425 28
Query 895 944
Sub 610 2
Sub 749 28
Sub 593 20
Sub 11 11
Add 562 14
Query 401 806
Add 7 14
Add 708 25
Sub 576 21
Query 412 735
Query 663 697
Query 64 797
Add 734 28
Query 430 752
Query 4 313
Sub 421 27
Add 830 5
Query 183 601
Sub 88 9
Add 483 13
Query 536 772
Sub 515 28
Sub 538 14
Sub 871 23
Sub 165 7
Query 443 890
Add 473 8
Query 180 671
Sub 253 18
Query 118 241
Sub 70 14
Query 231 717
Query 513 769
Sub 49 18
Add 984 13
Query 583 598
Query 423 652
Query 197 602
Add 276 25
Sub 464 3
Add 230 24
Query 461 530
Sub 781 4
Add 716 12
Sub 117 7
Add 634 2
Sub 393 23
Sub 869 9
Sub 16 24
Query 273 581
Add 123 9
Add 336 20
Query 472 780
Sub 344 8
Query 7 899
Sub 256 0
Add 211 12
Add 940 12
Sub 270 18
Add 158 22
Query 15 720
Add 675 22
Query 482 794
Add 237 7
Sub 53 5
Sub 929 0
Query 798 894
Add 961 2
Sub 966 24
Query 735 964
Add 788 2
Query 357 650
Sub 554 9
Add 282 16
Sub 900 10
Add 172 0
Query 789 869
Sub 789 18
Add 690 3
Sub 563 19
Query 19 329
Query 20 109
Sub 295 13
Add 962 16
Query 106 807
Add 78 8
Query 32 417
Add 879 17
Sub 559 16
Add 396 19
Sub 197 17
Query 598 680
Query 519 892
Sub 212 22
Query 11 291
Query 89 513
Query 120 805
Query 317 351
Sub 361 0
Sub 199 15
Add 917 1
Query 5 531
Add 464 21
Add 497 12
Query 256 735
Add 431 17
Sub 107 3
Sub 551 1
Query 201 952
Query 151 801
Add 210 8
Query 756 775
Query 238 603
Add 341 23
Sub 635 20
Query 588 603
Query 61 981
Add 846 10
Sub 412 2
Add 887 22
Sub 17 21
Sub 702 8
Sub 918 10
Query 535 573
Add 117 7
Query 147 305
Sub 261 9
Sub 843 6
Add 17 17
Add 142 13
Sub 121 1
Query 44 518
Sub 689 0
Sub 801 7
Add 647 15
Query 620 665
Sub 285 21
Sub 317 24
Sub 960 20
Add 117 23
Add 884 3
Sub 175 12
Add 745 0
Query 61 547
Add 921 29
Add 855 23
Query 9 287
Add 846 26
Sub 433 15
Sub 107 3
Add 755 7
Sub 97 23
Sub 481 17
Query 178 804
Add 722 26
Query 283 933
Query 569 764
Sub 178 15
Add 18 7
Query 304 948
Query 59 813
Sub 381 6
Sub 873 26
Add 625 4
Add 789 27
Add 365 22
Query 638 664
Query 167 971
Query 184 954
Add 277 2
Sub 352 24
Query 27 117
Query 44 899
Add 581 14
Query 15 273
Add 41 28
Sub 91 11
Add 709 1
Query 318 444
Sub 376 5
Add 611 8
Sub 609 25
Sub 112 18
Add 602 20
Query 13 608
Add 204 12
Query 321 495
Query 203 780
Sub 52 27
Sub 212 22
Sub 501 5
Add 789 23
Query 102 407
Add 314 28
Add 399 15
Query 819 851
Add 682 21
Add 906 0
Add 493 3
Query 750 885
Add 952 27
Add 802 5
Add 418 6
Sub 194 21
Query 43 710
Query 591 893
Sub 525 5
Query 183 305
Query 639 676
Add 971 14
Add 676 27
Sub 67 28
Sub 754 5
Query 139 199
Add 300 28
Add 368 18
Add 255 4
Add 985 8
Query 258 337
Sub 363 19
Sub 625 24
Sub 624 13
Add 500 8
Add 354 16
Query 628 852
Sub 40 4
Query 250 825
Sub 183 15
Sub 75 2
Sub 643 26
Add 986 20
Sub 409 3
Add 360 24
Query 88 256
Sub 643 11
Sub 878 2
Add 256 6
Query 596 689
Add 258 25
Query 110 178
Sub 29 16
Add 134 14
Sub 265 13
Sub 525 19
Sub 114 13
Add 977 11
Add 187 6
Sub 998 3
Add 395 2
Sub 65 21
Add 372 19
Query 196 938
Query 388 460
Sub 923 15
Add 898 18
Sub 812 27
Sub 113 15
Query 568 666
Add 63 19
Add 26 5
Add 745 26
Query 263 785
Sub 636 23
Sub 574 25
Query 344 981
Add 203 26
Sub 767 8
Query 538 630
Add 37 0
Query 596 626
Query 722 836
Sub 138 6
Add 635 1
Add 943 4
Query 587 877
Add 31 20
Add 252 28
Sub 140 18
Add 46 14
Add 10 11
Query 349 450
Sub 89 26
Sub 863 22
Add 161 5
Sub 256 11
Sub 46 13
Sub 694 24
Add 313 5
Add 470 12
Add 578 12
Query 312 334
Sub 119 21
Sub 614 16
Add 80 16
Query 404 442
Query 32 449
Add 52 11
Sub 621 4
Sub 720 25
Query 385 853
Query 164 859
Query 34 634
Sub 694 6
Query 179 678
Sub 79 18
Add 980 19
Add 616 1
Add 886 13
Query 246 986
Add 256 19
Query 410 841
Add 897 3
Query 158 919
Add 55 9
Query 100 528
Add 900 7
Query 475 796
Sub 538 12
Add 733 27
Add 204 2
Query 714 879
Query 610 717
Add 189 19
Add 612 15
Add 712 7
Add 930 16
Query 25 650
Add 571 11
Add 370 25
Sub 61 10
Sub 734 18
Add 247 25
Query 336 633
Add 642 26
Sub 747 27
Add 732 17
Query 224 589
Add 543 11
Add 573 0
Sub 653 2
Sub 684 16
Sub 429 2
Query 135 258
Query 251 312
Sub 366 6
Add 398 0
Add 658 25
Sub 942 27
Add 139 2
Sub 333 14
Sub 728 19
Query 202 238
Query 724 822
Query 35 130
Query 33 753
Sub 297 9
Sub 148 26
Query 748 939
Sub 242 7
Add 424 29
Add 899 9
Sub 400 2
Add 878 25
Query 506 612
Query 597 890
Add 930 5
Sub 343 4
Add 411 14
Query 29 216
Add 121 29
Add 339 27
Sub 367 29
Add 984 6
Query 778 972
Add 699 25
Sub 178 14
Sub 806 8
Add 240 11
Query 125 492
Sub 247 4
Sub 939 24
Sub 983 2
Sub 878 25
Sub 500 19
Add 627 17
Sub 995 5
Query 361 900
Query 489 953
Sub 52 16
Query 183 676
Add 953 25
Sub 613 17
Sub 561 4
Query 28 676
Add 272 13
Add 593 17
Add 569 26
Add 246 6
Sub 385 18
Sub 16 2
Query 278 963
Sub 565 21
Add 891 13
Add 220 10
Sub 581 23
Add 319 26
Add 612 16
Add 617 3
Add 927 28
Sub 665 25
Query 78 981
Add 456 6
Add 781 16
Sub 635 25
Sub 165 15
Add 996 25
Add 178 16
Query 555 836
Add 671 13
Sub 576 27
Sub 806 14
Query 313 662
Query 61 794
Add 315 18
Sub 749 22
Add 986 9
Sub 324 26
Sub 626 3
Sub 193 5
Query 411 973
Add 646 28
Add 861 2
Add 972 25
Query 170 869
Add 123 17
Sub 315 4
Query 763 930
Add 77 26
Add 578 29
Add 192 11
Add 583 28
Query 532 719
Query 42 142
Sub 545 1
Query 729 736
Query 51 856
Sub 923 24
Sub 458 0
Add 368 9
Add 323 12
Add 602 6
Sub 660 27
Add 512 28
Sub 219 22
Add 447 12
Sub 592 28
Query 343 721
Query 376 530
Add 964 6
Add 354 28
Sub 606 9
Sub 715 0
Sub 247 3
Add 819 21
Query 358 653
Add 574 0
Sub 545 13
Add 680 10
Add 407 13
Add 655 27
Query 293 615
Add 573 18
Query 356 957
Query 161 776
Add 828 29
Sub 790 12
Query 550 897
Sub 382 5
Query 334 743
Query 340 352
Query 179 306
Query 530 878
Add 711 4
Sub 585 24
Sub 723 23
Add 571 23
Add 367 4
Sub 510 16
Sub 671 18
Add 518 10
Sub 404 10
Add 934 29
Query 212 823
Add 20 28
Sub 992 10
Add 95 10
Add 550 28
Query 668 901
Sub 179 10
Query 142 560
Sub 444 13
Add 51 6
Add 535 10
Query 442 955
Add 119 14
Query 558 879
Sub 711 17
Add 830 9
Sub 945 7
Query 351 502
Add 150 13
Query 418 844
Sub 539 19
Query 36 872
Sub 353 3
Sub 57 21
Query 553 774
Query 559 603
Add 233 18
Query 400 949
Sub 225 28
Query 318 463
Query 209 950
Sub 860 29
Sub 211 4
Query 346 841
Query 712 745
Sub 506 22
Query 331 888
Add 13 5
Add 398 21
Sub 577 24
Query 176 599
Sub 54 6
Sub 193 6
Query 295 838
Sub 545 25
Query 26 863
Query 193 460
Add 145 17
Add 229 14
Sub 213 0
Query 481 515
Sub 377 4
Add 319 8
Sub 396 27
Sub 314 14
Sub 327 11
Sub 643 10
Query 145 198
Sub 941 4
Sub 95 17
Query 475 804
Sub 30 10
Add 324 20
Add 567 5
Sub 455 20
Add 349 9
Query 106 232
Query 407 782
Query 74 617
Sub 781 7
Add 828 1
Query 23 356
Sub 121 18
Sub 613 16
Query 71 725
Sub 352 19
Sub 521 16
Sub 690 24
Sub 355 0
Query 97 383
Add 424 2
Query 270 907
Query 390 569
Add 434 4
Sub 896 28
Query 620 782
Sub 934 11
Query 479 991
Add 509 17
Sub 260 13
Add 530 29
Query 441 476
Add 726 25
Query 181 710
Add 309 17
Query 331 400
Query 333 772
Add 441 12
Sub 744 10
Add 649 19
Add 289 0
Query 490 603
Query 328 961
Add 173 18
Sub 387 19
Sub 31 1
Add 808 23
Add 239 15
Add 661 19
Query 40 779
Sub 395 19
Sub 228 29
Query 240 482
Query 296 654
Add 236 1
Query 603 774
Sub 370 12
Sub 820 11
Sub 81 11
Add 363 21
Query 279 357
Add 652 15
Add 980 25
Query 635 823
Sub 382 27
Add 179 11
Query 59 381
Add 442 20
Query 472 633
Sub 542 26
Query 355 625
Sub 495 8
Query 509 608
Add 3 11
Sub 503 14
Sub 393 22
Add 57 20
Add 653 23
Add 772 25
Query 369 722
Sub 633 12
Query 569 901
Sub 456 16
Query 186 432
Query 738 934
Sub 699 15
Sub 671 13
Add 376 17
Add 281 8
Query 170 582
Add 758 4
Add 322 26
Add 162 11
Add 961 28
Add 353 15
Add 367 5
Sub 886 25
Sub 968 3
Add 53 3
Sub 613 25
Add 893 4
Query 876 895
Sub 113 28
Sub 112 28
Query 190 701
Add 553 18
END
